4403934458976094|CNX_DROPPED|25|961
4403934490534679|CNX_DROPPED|24|199
4403934471814603|CNX_DROPPED|24|891
4403934447597639|CNX_DROPPED|27|879
4403934415182398|CNX_DROPPED|26|337
4403934463447792|CNX_DROPPED|30|996
4403934484962357|CNX_DROPPED|24|911
4403934475083445|CNX_DROPPED|28|488
4403934446569282|CNX_DROPPED|26|140
4403934476413674|CNX_DROPPED|29|108
4403934495149648|CNX_DROPPED|24|606
4403934494358711|CNX_DROPPED|25|111
4403934475632308|CNX_DROPPED|29|458
4403934466948291|CNX_DROPPED|28|920
4403934417692410|CNX_DROPPED|25|394
4403934460792414|CNX_DROPPED|25|905
4403934494845022|CNX_DROPPED|28|891
4403934410528652|CNX_DROPPED|29|367
4403934421714259|CNX_DROPPED|30|264
4403934435807594|CNX_DROPPED|26|363
4403934444930718|CNX_DROPPED|29|784
4403934407636997|CNX_DROPPED|26|156
4403934488640413|CNX_DROPPED|26|770
4403934418143579|CNX_DROPPED|27|556
4403934457276603|CNX_DROPPED|24|704
4403934408464639|CNX_DROPPED|24|850
4403934453496148|CNX_DROPPED|25|985
4403934491076456|CNX_DROPPED|26|924
4403934433874521|CNX_DROPPED|27|841
4403934489667415|CNX_DROPPED|30|209
4403934476109983|CNX_DROPPED|30|551
4403934436728625|CNX_DROPPED|26|107
4403934412589967|CNX_DROPPED|28|984
4403934449653521|CNX_DROPPED|29|841
4403934434567249|CNX_DROPPED|24|736
4403934434577685|CNX_DROPPED|26|570
4403934458643272|CNX_DROPPED|24|455
4403934423691786|CNX_DROPPED|30|479
4403934451346980|CNX_DROPPED|25|235
4403934469506112|CNX_DROPPED|30|314
4403934489263421|CNX_DROPPED|29|155
4403934463798681|CNX_DROPPED|26|724
4403934442390568|CNX_DROPPED|26|738
4403934468192781|CNX_DROPPED|26|568
4403934484739672|CNX_DROPPED|30|601
4403934463154539|CNX_DROPPED|28|842
4403934496292801|CNX_DROPPED|25|168
4403934487947512|CNX_DROPPED|28|581
4403934413459780|CNX_DROPPED|29|242
4403934453243896|CNX_DROPPED|30|944
4403934431462972|CNX_DROPPED|29|471
4403934432370299|CNX_DROPPED|29|467
4403934437348845|CNX_DROPPED|29|887
4403934421412565|CNX_DROPPED|28|850
4403934496727434|CNX_DROPPED|30|975
4403934439281697|CNX_DROPPED|25|301
4403934470462289|CNX_DROPPED|27|535
4403934438395829|CNX_DROPPED|27|405
4403934469847581|CNX_DROPPED|29|844
4403934488952743|CNX_DROPPED|27|891
4403934486094381|CNX_DROPPED|29|197
4403934466949851|CNX_DROPPED|24|685
4403934489475587|CNX_DROPPED|26|779
4403934479675394|CNX_DROPPED|28|232
4403934499214430|CNX_DROPPED|25|684
4403934479648623|CNX_DROPPED|26|453
4403934458163479|CNX_DROPPED|29|697
4403934488924437|CNX_DROPPED|30|309
4403934442063918|CNX_DROPPED|25|989
4403934467480351|CNX_DROPPED|25|658
4403934414951967|CNX_DROPPED|26|502
4403934481156094|CNX_DROPPED|29|789
4403934474736654|CNX_DROPPED|27|593
4403934434475518|CNX_DROPPED|25|588
4403934455146477|CNX_DROPPED|27|504
4403934464023428|CNX_DROPPED|29|431
4403934437415982|CNX_DROPPED|24|655
4403934413352589|CNX_DROPPED|29|683
4403934452749158|CNX_DROPPED|29|978
4403934413676243|CNX_DROPPED|27|776
4403934475243759|CNX_DROPPED|29|742
4403934461982576|CNX_DROPPED|28|959
4403934456719884|CNX_DROPPED|26|362
4403934472186803|CNX_DROPPED|29|299
4403934493627595|CNX_DROPPED|28|393
4403934481897721|CNX_DROPPED|26|329
4403934431734214|CNX_DROPPED|29|619
4403934426480591|CNX_DROPPED|24|889
4403934413134227|CNX_DROPPED|27|760
4403934445272938|CNX_DROPPED|26|807
4403934448157920|CNX_DROPPED|25|813
4403934483115072|CNX_DROPPED|25|264
4403934470298436|CNX_DROPPED|28|797
4403934451380724|CNX_DROPPED|27|757
4403934498844963|CNX_DROPPED|27|395
4403934494361780|CNX_DROPPED|28|353
4403934411383966|CNX_DROPPED|26|580
4403934490156747|CNX_DROPPED|24|932
4403934428395169|CNX_DROPPED|27|575
4403934425877458|CNX_DROPPED|29|812
4403934449255749|CNX_DROPPED|30|316
4403934478529428|CNX_DROPPED|30|583
4403934417943920|CNX_DROPPED|27|688
4403934491368705|CNX_DROPPED|26|156
4403934492456343|CNX_DROPPED|28|287
4403934462758611|CNX_DROPPED|30|444
4403934494108512|CNX_DROPPED|28|881
4403934472923569|CNX_DROPPED|27|315
4403934424378466|CNX_DROPPED|26|846
4403934472754626|CNX_DROPPED|26|974
4403934481956493|CNX_DROPPED|30|798
4403934408134752|CNX_DROPPED|28|862
4403934412586427|CNX_DROPPED|28|533
4403934458991721|CNX_DROPPED|24|672
4403934455127493|CNX_DROPPED|24|213
4403934474234510|CNX_DROPPED|24|209
4403934483991647|CNX_DROPPED|29|149
4403934473556988|CNX_DROPPED|28|989
4403934499102445|CNX_DROPPED|25|724
4403934405831129|CNX_DROPPED|27|353
4403934453165743|CNX_DROPPED|24|677
4403934438618774|CNX_DROPPED|25|206
4403934482155269|CNX_DROPPED|30|475
4403934464592760|CNX_DROPPED|30|837
4403934483377961|CNX_DROPPED|29|635
4403934479083672|CNX_DROPPED|26|969
4403934468382531|CNX_DROPPED|29|100
4403934468193490|CNX_DROPPED|25|183
4403934454761839|CNX_DROPPED|26|760
4403934453045986|CNX_DROPPED|28|514
4403934450986224|CNX_DROPPED|26|159
4403934453537420|CNX_DROPPED|25|815
4403934412673019|CNX_DROPPED|29|949
4403934444013176|CNX_DROPPED|26|592
4403934429576353|CNX_DROPPED|30|786
4403934488954236|CNX_DROPPED|25|917
4403934461318565|CNX_DROPPED|28|243
4403934469341924|CNX_DROPPED|29|762
4403934452194637|CNX_DROPPED|27|494
4403934426132887|CNX_DROPPED|25|491
4403934407345128|CNX_DROPPED|28|325
4403934464438329|CNX_DROPPED|29|610
4403934452941482|CNX_DROPPED|24|380
4403934421679965|CNX_DROPPED|28|466
4403934483527847|CNX_DROPPED|25|223
4403934479240348|CNX_DROPPED|30|459
4403934425547861|CNX_DROPPED|25|185
4403934436238674|CNX_DROPPED|26|854
4403934479563624|CNX_DROPPED|26|626
4403934469267343|CNX_DROPPED|27|939
4403934419706382|CNX_DROPPED|27|919
4403934424675143|CNX_DROPPED|26|277
4403934428775162|CNX_DROPPED|27|355
4403934449368831|CNX_DROPPED|27|231
4403934454562187|CNX_DROPPED|27|274
4403934471185954|CNX_DROPPED|28|816
4403934415149256|CNX_DROPPED|27|658
4403934471905435|CNX_DROPPED|28|728
4403934417034142|CNX_DROPPED|26|281
4403934486395127|CNX_DROPPED|27|611
4403934431290175|CNX_DROPPED|25|659
4403934454894358|CNX_DROPPED|26|422
4403934430943774|CNX_DROPPED|27|859
4403934493881697|CNX_DROPPED|27|375
4403934405149761|CNX_DROPPED|25|955
4403934439448627|CNX_DROPPED|28|493
4403934467051749|CNX_DROPPED|28|228
4403934474871055|CNX_DROPPED|28|278
4403934496148912|CNX_DROPPED|26|299
4403934462702494|CNX_DROPPED|26|228
4403934414155684|CNX_DROPPED|28|540
4403934439095238|CNX_DROPPED|28|438
4403934432186497|CNX_DROPPED|27|813
4403934477195486|CNX_DROPPED|24|631
4403934426895186|CNX_DROPPED|26|425
4403934494371268|CNX_DROPPED|29|324
4403934483529173|CNX_DROPPED|27|472
4403934480643522|CNX_DROPPED|27|570
4403934413572236|CNX_DROPPED|28|253
4403934451629849|CNX_DROPPED|24|775
4403934457122369|CNX_DROPPED|30|791
4403934480648562|CNX_DROPPED|29|893
4403934474168502|CNX_DROPPED|25|890
4403934405297669|CNX_DROPPED|26|155
4403934449781579|CNX_DROPPED|24|142
4403934427335042|CNX_DROPPED|26|847
4403934422597356|CNX_DROPPED|28|257
4403934427813154|CNX_DROPPED|30|417
4403934446124732|CNX_DROPPED|24|156
4403934413592481|CNX_DROPPED|27|576
4403934485034172|CNX_DROPPED|29|958
4403934498522536|CNX_DROPPED|30|123
4403934467649351|CNX_DROPPED|28|631
4403934467552969|CNX_DROPPED|26|807
4403934485837467|CNX_DROPPED|28|878
4403934420546173|CNX_DROPPED|25|209
4403934434762154|CNX_DROPPED|28|611
4403934456618748|CNX_DROPPED|30|594
4403934422178934|CNX_DROPPED|25|717
4403934490263774|CNX_DROPPED|24|380
4403934496719415|CNX_DROPPED|29|614
4403934446730215|CNX_DROPPED|27|161
4403934415789325|CNX_DROPPED|27|849
4403934490711673|CNX_DROPPED|24|892
4403934468987024|CNX_DROPPED|27|271
4403934438819034|CNX_DROPPED|29|905
4403934419714253|CNX_DROPPED|26|568
4403934492593830|CNX_DROPPED|24|480
4403934445953271|CNX_DROPPED|26|590
4403934490811697|CNX_DROPPED|28|622
4403934437138105|CNX_DROPPED|27|737
4403934467174038|CNX_DROPPED|28|763
4403934442271149|CNX_DROPPED|25|884
4403934410793231|CNX_DROPPED|26|523
4403934496443529|CNX_DROPPED|27|164
4403934454456893|CNX_DROPPED|26|742
4403934485939115|CNX_DROPPED|27|975
4403934417825648|CNX_DROPPED|29|520
4403934451204916|CNX_DROPPED|24|593
4403934424639958|CNX_DROPPED|25|893
4403934481890726|CNX_DROPPED|27|501
4403934483741927|CNX_DROPPED|30|611
4403934460182772|CNX_DROPPED|27|178
4403934447895496|CNX_DROPPED|24|509
4403934441391245|CNX_DROPPED|30|269
4403934441562795|CNX_DROPPED|27|316
4403934457350689|CNX_DROPPED|27|593
4403934434149667|CNX_DROPPED|27|274
4403934449175632|CNX_DROPPED|25|559
4403934443511238|CNX_DROPPED|26|899
4403934458572133|CNX_DROPPED|24|302
4403934421782413|CNX_DROPPED|29|870
4403934448745963|CNX_DROPPED|30|888
4403934485398320|CNX_DROPPED|30|815
4403934455816319|CNX_DROPPED|29|503
4403934418193657|CNX_DROPPED|27|260
4403934461270345|CNX_DROPPED|28|257
4403934487310273|CNX_DROPPED|24|770
4403934468195347|CNX_DROPPED|24|940
4403934459937327|CNX_DROPPED|27|560
4403934457443690|CNX_DROPPED|28|443
4403934424069198|CNX_DROPPED|24|880
4403934480289326|CNX_DROPPED|25|427
4403934415389720|CNX_DROPPED|30|386
4403934450861286|CNX_DROPPED|25|947
4403934418723925|CNX_DROPPED|30|460
4403934418460155|CNX_DROPPED|25|105
4403934473412729|CNX_DROPPED|29|460
4403934468491720|CNX_DROPPED|25|574
4403934455743216|CNX_DROPPED|27|112
4403934426936451|CNX_DROPPED|29|865
4403934457284961|CNX_DROPPED|24|308
4403934429174142|CNX_DROPPED|29|250
4403934477126085|CNX_DROPPED|24|996
4403934425916108|CNX_DROPPED|26|225
4403934450961573|CNX_DROPPED|29|137
4403934492514190|CNX_DROPPED|28|821
4403934492271353|CNX_DROPPED|27|415
4403934419026856|CNX_DROPPED|30|825
4403934452656197|CNX_DROPPED|27|203
4403934447256467|CNX_DROPPED|29|650
4403934462210357|CNX_DROPPED|27|630
4403934418846627|CNX_DROPPED|24|328
4403934445014298|CNX_DROPPED|25|761
4403934456452189|CNX_DROPPED|25|894
4403934456103618|CNX_DROPPED|26|545
4403934423474159|CNX_DROPPED|27|838
4403934419698712|CNX_DROPPED|25|600
4403934429186757|CNX_DROPPED|30|800
4403934486968345|CNX_DROPPED|24|906
4403934479114865|CNX_DROPPED|29|596
4403934428846674|CNX_DROPPED|26|757
4403934491341223|CNX_DROPPED|24|345
4403934465098817|CNX_DROPPED|28|247
4403934418052374|CNX_DROPPED|24|236
4403934415579163|CNX_DROPPED|26|996
4403934440129273|CNX_DROPPED|27|892
4403934433991176|CNX_DROPPED|24|488
4403934459456278|CNX_DROPPED|28|367
4403934441767469|CNX_DROPPED|29|779
4403934493754860|CNX_DROPPED|26|702
4403934425997371|CNX_DROPPED|26|851
4403934416658974|CNX_DROPPED|28|557
4403934457602691|CNX_DROPPED|30|619
4403934446588472|CNX_DROPPED|25|238
4403934418673369|CNX_DROPPED|30|630
4403934494667384|CNX_DROPPED|28|349
4403934406987573|CNX_DROPPED|26|260
4403934480698245|CNX_DROPPED|24|452
4403934457849631|CNX_DROPPED|25|701
4403934479024361|CNX_DROPPED|29|237
4403934494157865|CNX_DROPPED|28|581
4403934492208744|CNX_DROPPED|26|316
4403934428434950|CNX_DROPPED|29|650
4403934415394837|CNX_DROPPED|24|821
4403934465793946|CNX_DROPPED|26|367
4403934438703576|CNX_DROPPED|28|888
4403934484308593|CNX_DROPPED|25|134
4403934423576649|CNX_DROPPED|27|554
4403934472081293|CNX_DROPPED|29|806
4403934415957369|CNX_DROPPED|28|246
4403934481259476|CNX_DROPPED|29|164
4403934416489925|CNX_DROPPED|29|771
4403934412716974|CNX_DROPPED|28|880
4403934474463119|CNX_DROPPED|28|518
4403934483247396|CNX_DROPPED|25|475
4403934495123759|CNX_DROPPED|27|341
4403934403622751|CNX_DROPPED|27|696
4403934455276381|CNX_DROPPED|24|364
4403934457178502|CNX_DROPPED|30|725
4403934497828397|CNX_DROPPED|29|440
4403934495423563|CNX_DROPPED|24|237
4403934425280695|CNX_DROPPED|29|148
4403934472873491|CNX_DROPPED|30|288
4403934486804631|CNX_DROPPED|24|914
4403934468952374|CNX_DROPPED|25|568
4403934468932715|CNX_DROPPED|29|994
4403934457461973|CNX_DROPPED|28|619
4403934410439272|CNX_DROPPED|28|637
4403934424302896|CNX_DROPPED|24|513
4403934425149072|CNX_DROPPED|26|573
4403934462984613|CNX_DROPPED|27|250
4403934439107751|CNX_DROPPED|25|817
4403934426635509|CNX_DROPPED|28|698
4403934492456384|CNX_DROPPED|28|830
4403934446835113|CNX_DROPPED|26|233
4403934425334674|CNX_DROPPED|30|717
4403934448269733|CNX_DROPPED|25|856
4403934487246840|CNX_DROPPED|30|723
4403934443685792|CNX_DROPPED|30|383
4403934434039116|CNX_DROPPED|26|924
4403934463527189|CNX_DROPPED|24|596
4403934415298657|CNX_DROPPED|27|562
4403934486527018|CNX_DROPPED|29|447
4403934490435315|CNX_DROPPED|27|825
4403934438504768|CNX_DROPPED|27|514
4403934420393824|CNX_DROPPED|30|967
4403934424465719|CNX_DROPPED|27|972
4403934411203263|CNX_DROPPED|28|593
4403934456122576|CNX_DROPPED|28|556
4403934434150582|CNX_DROPPED|29|477
4403934470133625|CNX_DROPPED|27|544
4403934471394085|CNX_DROPPED|27|723
4403934428650357|CNX_DROPPED|27|535
4403934428392737|CNX_DROPPED|28|655
4403934461893179|CNX_DROPPED|30|305
4403934438727369|CNX_DROPPED|25|991
4403934473938194|CNX_DROPPED|28|944
4403934438227857|CNX_DROPPED|26|640
4403934472324891|CNX_DROPPED|25|334
4403934480476121|CNX_DROPPED|26|891
4403934475886995|CNX_DROPPED|25|853
4403934481876923|CNX_DROPPED|29|864
4403934461633518|CNX_DROPPED|29|273
4403934472946834|CNX_DROPPED|24|882
4403934446923174|CNX_DROPPED|29|600
4403934424139207|CNX_DROPPED|27|564
4403934419420554|CNX_DROPPED|25|814
4403934464372031|CNX_DROPPED|24|406
4403934464357958|CNX_DROPPED|25|343
4403934492593475|CNX_DROPPED|29|356
4403934432513450|CNX_DROPPED|29|923
4403934441891293|CNX_DROPPED|30|727
4403934457981491|CNX_DROPPED|29|900
4403934456843106|CNX_DROPPED|24|297
4403934487816931|CNX_DROPPED|25|811
4403934449884357|CNX_DROPPED|30|447
4403934445898377|CNX_DROPPED|30|839
4403934418361544|CNX_DROPPED|28|270
4403934483157736|CNX_DROPPED|25|819
4403934419862714|CNX_DROPPED|30|174
4403934462431029|CNX_DROPPED|24|926
4403934426374315|CNX_DROPPED|26|857
4403934468157248|CNX_DROPPED|25|252
4403934429442671|CNX_DROPPED|25|946
4403934483365974|CNX_DROPPED|26|898
4403934492745810|CNX_DROPPED|29|247
4403934438979754|CNX_DROPPED|27|687
4403934491356825|CNX_DROPPED|29|565
4403934487192952|CNX_DROPPED|24|923
4403934436142082|CNX_DROPPED|25|114
4403934416932981|CNX_DROPPED|24|165
4403934480846323|CNX_DROPPED|28|561
4403934469106574|CNX_DROPPED|27|125
4403934456714893|CNX_DROPPED|25|434
4403934472368211|CNX_DROPPED|28|433
4403934412762309|CNX_DROPPED|30|192
4403934446125507|CNX_DROPPED|24|403
4403934411359370|CNX_DROPPED|28|523
4403934469549146|CNX_DROPPED|30|119
4403934422316658|CNX_DROPPED|29|632
4403934475382474|CNX_DROPPED|24|920
4403934495367034|CNX_DROPPED|30|909
4403934442564329|CNX_DROPPED|29|442
4403934488244075|CNX_DROPPED|26|403
4403934403972198|CNX_DROPPED|30|288
4403934474163958|CNX_DROPPED|25|821
4403934453498771|CNX_DROPPED|24|911
4403934425476814|CNX_DROPPED|24|953
4403934477629831|CNX_DROPPED|30|108
4403934480527147|CNX_DROPPED|24|863
4403934486317956|CNX_DROPPED|28|229
4403934418583790|CNX_DROPPED|26|348
4403934454206967|CNX_DROPPED|24|286
4403934412670635|CNX_DROPPED|29|282
4403934489321427|CNX_DROPPED|30|525
4403934497018957|CNX_DROPPED|25|247
4403934465104961|CNX_DROPPED|29|678
4403934412303146|CNX_DROPPED|24|366
4403934415874853|CNX_DROPPED|28|596
4403934463625991|CNX_DROPPED|27|758
4403934475137969|CNX_DROPPED|25|140
4403934460285716|CNX_DROPPED|24|971
4403934461455839|CNX_DROPPED|30|954
4403934412307865|CNX_DROPPED|30|669
4403934443862789|CNX_DROPPED|30|939
4403934458601932|CNX_DROPPED|26|651
4403934481459761|CNX_DROPPED|28|280
4403934419634451|CNX_DROPPED|24|383
4403934427054387|CNX_DROPPED|30|621
4403934442728361|CNX_DROPPED|28|179
4403934468115253|CNX_DROPPED|30|191
4403934485462977|CNX_DROPPED|26|725
4403934482082695|CNX_DROPPED|26|597
4403934436842806|CNX_DROPPED|26|118
4403934495276458|CNX_DROPPED|27|121
4403934424548779|CNX_DROPPED|24|326
4403934467950783|CNX_DROPPED|24|120
4403934456806582|CNX_DROPPED|25|717
4403934421584637|CNX_DROPPED|30|797
4403934438062759|CNX_DROPPED|25|941
4403934417528549|CNX_DROPPED|24|462
4403934408753346|CNX_DROPPED|30|126
4403934453975216|CNX_DROPPED|28|516
4403934468803411|CNX_DROPPED|24|561
4403934465589823|CNX_DROPPED|24|928
4403934434377698|CNX_DROPPED|28|679
4403934479482809|CNX_DROPPED|28|832
4403934456933618|CNX_DROPPED|30|232
4403934460975894|CNX_DROPPED|29|268
4403934482406936|CNX_DROPPED|26|939
4403934482312944|CNX_DROPPED|28|234
4403934445837250|CNX_DROPPED|30|983
4403934484187963|CNX_DROPPED|25|513
4403934422044938|CNX_DROPPED|27|819
4403934409476335|CNX_DROPPED|24|499
4403934441079758|CNX_DROPPED|28|450
4403934442175837|CNX_DROPPED|26|997
4403934445781961|CNX_DROPPED|26|725
4403934473184419|CNX_DROPPED|26|166
4403934438742756|CNX_DROPPED|25|690
4403934415072698|CNX_DROPPED|29|992
4403934416279854|CNX_DROPPED|24|152
4403934472266985|CNX_DROPPED|27|774
4403934489419460|CNX_DROPPED|28|243
4403934468601294|CNX_DROPPED|27|374
4403934426803792|CNX_DROPPED|25|207
4403934412313608|CNX_DROPPED|29|480
4403934417593360|CNX_DROPPED|25|567
4403934447635991|CNX_DROPPED|30|106
4403934434565102|CNX_DROPPED|28|591
4403934446172236|CNX_DROPPED|24|561
4403934432018864|CNX_DROPPED|28|693
4403934466485120|CNX_DROPPED|25|209
4403934474155236|CNX_DROPPED|30|175
4403934440593627|CNX_DROPPED|25|757
4403934407356786|CNX_DROPPED|28|485
4403934452987964|CNX_DROPPED|25|393
4403934423438162|CNX_DROPPED|28|126
4403934492514752|CNX_DROPPED|27|203
4403934402239417|CNX_DROPPED|26|304
4403934401981357|CNX_DROPPED|30|969
4403934457058639|CNX_DROPPED|24|708
4403934448437660|CNX_DROPPED|26|131
4403934447130746|CNX_DROPPED|29|361
4403934492105536|CNX_DROPPED|28|907
4403934444235217|CNX_DROPPED|24|314
4403934488417697|CNX_DROPPED|30|796
4403934481534076|CNX_DROPPED|26|396
4403934429613370|CNX_DROPPED|28|748
4403934467353152|CNX_DROPPED|25|341
4403934432894561|CNX_DROPPED|30|866
4403934462345724|CNX_DROPPED|30|170
4403934472585483|CNX_DROPPED|25|417
4403934435087981|CNX_DROPPED|28|332
4403934494258721|CNX_DROPPED|28|844
4403934466598393|CNX_DROPPED|24|163
4403934475587684|CNX_DROPPED|26|986
4403934472456073|CNX_DROPPED|26|898
4403934457068539|CNX_DROPPED|30|746
4403934494412906|CNX_DROPPED|26|981
4403934468194456|CNX_DROPPED|27|268
4403934442860354|CNX_DROPPED|30|885
4403934437168474|CNX_DROPPED|25|232
4403934414286547|CNX_DROPPED|30|187
4403934432157514|CNX_DROPPED|29|469
4403934482425993|CNX_DROPPED|27|567
4403934440927619|CNX_DROPPED|30|864
4403934490413866|CNX_DROPPED|28|208
4403934466983041|CNX_DROPPED|27|839
4403934415996433|CNX_DROPPED|30|171
4403934464995013|CNX_DROPPED|27|145
4403934469746189|CNX_DROPPED|27|749
4403934421194957|CNX_DROPPED|27|124
4403934431572820|CNX_DROPPED|29|207
4403934461334158|CNX_DROPPED|24|849
4403934406925748|CNX_DROPPED|30|841
4403934493577451|CNX_DROPPED|29|857
4403934478359438|CNX_DROPPED|27|919
4403934483941352|CNX_DROPPED|25|182
4403934432681042|CNX_DROPPED|28|492
4403934413199246|CNX_DROPPED|30|286
4403934443865279|CNX_DROPPED|24|862
4403934452761286|CNX_DROPPED|26|502
4403934432328784|CNX_DROPPED|25|403
4403934431583744|CNX_DROPPED|25|540
4403934480627517|CNX_DROPPED|29|609
4403934409655748|CNX_DROPPED|24|335
4403934409922874|CNX_DROPPED|25|561
4403934446801198|CNX_DROPPED|30|757
4403934463791173|CNX_DROPPED|24|742
4403934402363894|CNX_DROPPED|26|886
4403934440343528|CNX_DROPPED|26|216
4403934403816874|CNX_DROPPED|29|898
4403934476405811|CNX_DROPPED|25|367
4403934416376908|CNX_DROPPED|30|813
4403934434565870|CNX_DROPPED|29|828
4403934424169147|CNX_DROPPED|29|878
4403934449123103|CNX_DROPPED|28|647
4403934497704861|CNX_DROPPED|27|951
4403934456364178|CNX_DROPPED|26|410
4403934450131292|CNX_DROPPED|27|768
4403934422897913|CNX_DROPPED|28|506
4403934414615224|CNX_DROPPED|24|321
4403934476329045|CNX_DROPPED|24|426
4403934487393246|CNX_DROPPED|29|749
4403934484674952|CNX_DROPPED|26|838
4403934447513784|CNX_DROPPED|27|928
4403934437436491|CNX_DROPPED|25|220
4403934438013752|CNX_DROPPED|27|512
4403934446738317|CNX_DROPPED|27|706
4403934429162873|CNX_DROPPED|24|814
4403934413956942|CNX_DROPPED|29|127
4403934421897047|CNX_DROPPED|30|112
4403934487149051|CNX_DROPPED|29|240
4403934446584760|CNX_DROPPED|25|547
4403934404863198|CNX_DROPPED|27|145
4403934457068935|CNX_DROPPED|24|635
4403934485246479|CNX_DROPPED|26|186
4403934440987167|CNX_DROPPED|27|551
4403934474631897|CNX_DROPPED|29|710
4403934414524772|CNX_DROPPED|28|678
4403934492297556|CNX_DROPPED|28|593
4403934471515226|CNX_DROPPED|25|431
4403934491467721|CNX_DROPPED|25|852
4403934420174463|CNX_DROPPED|27|530
4403934476942573|CNX_DROPPED|27|804
4403934419064857|CNX_DROPPED|29|310
4403934412633047|CNX_DROPPED|28|903
4403934427719583|CNX_DROPPED|24|754
4403934460932127|CNX_DROPPED|24|285
4403934425709883|CNX_DROPPED|24|557
4403934460742385|CNX_DROPPED|28|768
4403934459918483|CNX_DROPPED|27|431
4403934459988270|CNX_DROPPED|25|473
4403934459302746|CNX_DROPPED|29|260
4403934479042934|CNX_DROPPED|28|491
4403934441678799|CNX_DROPPED|27|102
4403934472839260|CNX_DROPPED|24|284
4403934491620584|CNX_DROPPED|27|782
4403934421547840|CNX_DROPPED|24|646
4403934477362953|CNX_DROPPED|28|267
4403934472081467|CNX_DROPPED|28|279
4403934439349767|CNX_DROPPED|24|339
4403934424169345|CNX_DROPPED|25|500
4403934484395632|CNX_DROPPED|24|880
4403934408321748|CNX_DROPPED|26|431
4403934452877413|CNX_DROPPED|28|618
4403934457352198|CNX_DROPPED|28|816
4403934463748199|CNX_DROPPED|26|131
4403934424859135|CNX_DROPPED|27|247
4403934473564099|CNX_DROPPED|24|443
4403934486897130|CNX_DROPPED|27|755
4403934423119564|CNX_DROPPED|25|479
4403934439436689|CNX_DROPPED|26|766
4403934484190637|CNX_DROPPED|26|228
4403934471839857|CNX_DROPPED|25|591
4403934478784239|CNX_DROPPED|29|758
4403934479815487|CNX_DROPPED|27|624
4403934414459938|CNX_DROPPED|24|492
4403934464993521|CNX_DROPPED|25|851
4403934468490672|CNX_DROPPED|25|779
4403934482346736|CNX_DROPPED|24|627
4403934443240218|CNX_DROPPED|26|727
4403934407197354|CNX_DROPPED|29|785
4403934454536728|CNX_DROPPED|25|911
4403934438781192|CNX_DROPPED|28|478
4403934464122980|CNX_DROPPED|27|829
4403934468284471|CNX_DROPPED|24|151
4403934468913145|CNX_DROPPED|26|302
4403934442707324|CNX_DROPPED|24|269
4403934423866347|CNX_DROPPED|24|494
4403934492516807|CNX_DROPPED|29|971
4403934474953812|CNX_DROPPED|27|511
4403934467064221|CNX_DROPPED|30|230
4403934407433254|CNX_DROPPED|25|329
4403934405487591|CNX_DROPPED|24|288
4403934457636988|CNX_DROPPED|26|292
4403934462314746|CNX_DROPPED|25|931
4403934461478989|CNX_DROPPED|24|888
4403934431196745|CNX_DROPPED|24|184
4403934469156314|CNX_DROPPED|26|756
4403934412459641|CNX_DROPPED|26|855
4403934493782028|CNX_DROPPED|29|405
4403934417414732|CNX_DROPPED|25|221
4403934435827105|CNX_DROPPED|26|148
4403934417162794|CNX_DROPPED|25|492
4403934473187529|CNX_DROPPED|29|554
4403934437589562|CNX_DROPPED|27|327
4403934424641897|CNX_DROPPED|30|774
4403934453348125|CNX_DROPPED|27|292
4403934483189705|CNX_DROPPED|26|668
4403934464511208|CNX_DROPPED|29|882
4403934421463980|CNX_DROPPED|28|753
4403934474613408|CNX_DROPPED|30|374
4403934467897141|CNX_DROPPED|30|855
4403934486754919|CNX_DROPPED|27|286
4403934475694167|CNX_DROPPED|27|958
4403934496224051|CNX_DROPPED|28|650
4403934494692028|CNX_DROPPED|27|537
4403934485109321|CNX_DROPPED|25|749
4403934499718315|CNX_DROPPED|29|133
4403934413536884|CNX_DROPPED|28|123
4403934431672885|CNX_DROPPED|25|401
4403934405379582|CNX_DROPPED|24|461
4403934441952723|CNX_DROPPED|25|675
4403934465283617|CNX_DROPPED|30|180
4403934464703359|CNX_DROPPED|24|446
4403934456364285|CNX_DROPPED|28|606
4403934489455423|CNX_DROPPED|29|290
4403934426345257|CNX_DROPPED|29|731
4403934426419573|CNX_DROPPED|27|313
4403934475719964|CNX_DROPPED|29|616
4403934412433174|CNX_DROPPED|30|562
4403934458319915|CNX_DROPPED|26|836
4403934482895047|CNX_DROPPED|30|208
4403934494415677|CNX_DROPPED|24|507
4403934484374611|CNX_DROPPED|30|817
4403934447951968|CNX_DROPPED|29|187
4403934447873592|CNX_DROPPED|27|524
4403934478529261|CNX_DROPPED|24|663
4403934439676722|CNX_DROPPED|28|979
4403934415747646|CNX_DROPPED|25|191
4403934449835078|CNX_DROPPED|28|281
4403934452851426|CNX_DROPPED|29|581
4403934437294841|CNX_DROPPED|25|301
4403934474436503|CNX_DROPPED|24|150
4403934417765398|CNX_DROPPED|30|895
4403934495517794|CNX_DROPPED|27|468
4403934483451279|CNX_DROPPED|28|172
4403934408567217|CNX_DROPPED|29|864
4403934485493428|CNX_DROPPED|28|549
4403934429844793|CNX_DROPPED|25|918
4403934413846598|CNX_DROPPED|28|409
4403934412764503|CNX_DROPPED|26|606
4403934432074289|CNX_DROPPED|30|622
4403934483499237|CNX_DROPPED|26|784
4403934443991646|CNX_DROPPED|25|401
4403934481639743|CNX_DROPPED|25|451
4403934475823642|CNX_DROPPED|30|936
4403934484623645|CNX_DROPPED|29|506
4403934439732640|CNX_DROPPED|30|123
4403934432515786|CNX_DROPPED|24|758
4403934447164018|CNX_DROPPED|24|496
4403934478531564|CNX_DROPPED|30|734
4403934465416217|CNX_DROPPED|24|128
4403934457564917|CNX_DROPPED|26|155
4403934415246839|CNX_DROPPED|25|380
4403934446374998|CNX_DROPPED|30|754
4403934447433678|CNX_DROPPED|26|918
4403934471406475|CNX_DROPPED|29|948
4403934492207431|CNX_DROPPED|29|646
4403934479143583|CNX_DROPPED|24|559
4403934476480152|CNX_DROPPED|28|147
4403934458946170|CNX_DROPPED|26|736
4403934451829738|CNX_DROPPED|28|180
4403934461205747|CNX_DROPPED|29|529
4403934483852674|CNX_DROPPED|30|193
4403934412553682|CNX_DROPPED|30|987
4403934494465672|CNX_DROPPED|24|261
4403934473245913|CNX_DROPPED|29|911
4403934423329569|CNX_DROPPED|28|948
4403934494687382|CNX_DROPPED|28|684
4403934451638642|CNX_DROPPED|30|621
4403934463598974|CNX_DROPPED|30|705
4403934438775129|CNX_DROPPED|24|525
4403934461629052|CNX_DROPPED|27|123
4403934486229813|CNX_DROPPED|28|344
4403934464032593|CNX_DROPPED|24|646
4403934446868155|CNX_DROPPED|30|608
4403934484564732|CNX_DROPPED|28|870
4403934445176881|CNX_DROPPED|26|818
4403934419633727|CNX_DROPPED|30|160
4403934461329604|CNX_DROPPED|26|614
4403934468975326|CNX_DROPPED|24|201
4403934423187447|CNX_DROPPED|30|398
4403934413796124|CNX_DROPPED|26|951
4403934453378106|CNX_DROPPED|28|480
4403934473862527|CNX_DROPPED|26|647
4403934484132217|CNX_DROPPED|30|836
4403934458126948|CNX_DROPPED|30|793
4403934439827465|CNX_DROPPED|24|504
4403934433828790|CNX_DROPPED|30|978
4403934452994416|CNX_DROPPED|24|442
4403934419844613|CNX_DROPPED|27|698
4403934435402115|CNX_DROPPED|26|498
4403934443157982|CNX_DROPPED|26|156
4403934452750784|CNX_DROPPED|28|874
4403934447625943|CNX_DROPPED|27|252
4403934484410175|CNX_DROPPED|24|677
4403934410584879|CNX_DROPPED|28|692
4403934474786121|CNX_DROPPED|25|284
4403934498727580|CNX_DROPPED|24|655
4403934453716206|CNX_DROPPED|29|389
4403934434235789|CNX_DROPPED|28|669
4403934425768921|CNX_DROPPED|30|388
4403934428944768|CNX_DROPPED|30|203
4403934438610425|CNX_DROPPED|30|379
4403934461997442|CNX_DROPPED|24|195
4403934419755447|CNX_DROPPED|24|717
4403934427352591|CNX_DROPPED|24|549
4403934498327563|CNX_DROPPED|30|120
4403934496572624|CNX_DROPPED|27|518
4403934428952746|CNX_DROPPED|29|888
4403934480319974|CNX_DROPPED|24|355
4403934453157914|CNX_DROPPED|24|647
4403934423443675|CNX_DROPPED|28|924
4403934496960225|CNX_DROPPED|25|168
4403934427527614|CNX_DROPPED|24|176
4403934447583530|CNX_DROPPED|24|146
4403934464518294|CNX_DROPPED|26|107
4403934452175164|CNX_DROPPED|26|303
4403934468225334|CNX_DROPPED|29|361
4403934441362071|CNX_DROPPED|24|570
4403934454267399|CNX_DROPPED|25|138
4403934450349829|CNX_DROPPED|29|894
4403934432595317|CNX_DROPPED|26|287
4403934439327557|CNX_DROPPED|29|147
4403934498850366|CNX_DROPPED|28|260
4403934498860423|CNX_DROPPED|24|529
4403934419358317|CNX_DROPPED|29|715
4403934440787948|CNX_DROPPED|24|869
4403934482583619|CNX_DROPPED|26|132
4403934443618975|CNX_DROPPED|30|821
4403934420348752|CNX_DROPPED|27|397
4403934453463981|CNX_DROPPED|26|302
4403934486205961|CNX_DROPPED|28|570
4403934473804925|CNX_DROPPED|24|928
4403934449365043|CNX_DROPPED|24|403
4403934441517039|CNX_DROPPED|25|593
4403934447956322|CNX_DROPPED|25|411
4403934414123039|CNX_DROPPED|26|811
4403934485572031|CNX_DROPPED|27|210
4403934441022873|CNX_DROPPED|29|427
4403934492167361|CNX_DROPPED|26|376
4403934492148833|CNX_DROPPED|30|665
4403934487438017|CNX_DROPPED|25|521
4403934409148785|CNX_DROPPED|29|705
4403934479145828|CNX_DROPPED|26|241
4403934444079318|CNX_DROPPED|29|488
4403934497855812|CNX_DROPPED|30|805
4403934468058453|CNX_DROPPED|25|415
4403934426354630|CNX_DROPPED|29|608
4403934437068252|CNX_DROPPED|24|967
4403934413769022|CNX_DROPPED|27|343
4403934498223671|CNX_DROPPED|24|448
4403934489736426|CNX_DROPPED|28|808
4403934467728056|CNX_DROPPED|30|397
4403934454985917|CNX_DROPPED|29|648
4403934495563426|CNX_DROPPED|25|202
4403934475704412|CNX_DROPPED|26|160
4403934457814965|CNX_DROPPED|28|945
4403934446308871|CNX_DROPPED|27|103
4403934405935896|CNX_DROPPED|27|133
4403934425769531|CNX_DROPPED|27|879
4403934428011378|CNX_DROPPED|25|285
4403934438465325|CNX_DROPPED|24|373
4403934493425081|CNX_DROPPED|27|499
4403934454826939|CNX_DROPPED|26|957
4403934443137281|CNX_DROPPED|24|363
4403934405764163|CNX_DROPPED|28|253
4403934482345761|CNX_DROPPED|30|813
4403934497813167|CNX_DROPPED|25|804
4403934459267014|CNX_DROPPED|25|253
4403934449901367|CNX_DROPPED|28|919
4403934489147293|CNX_DROPPED|25|377
4403934439418422|CNX_DROPPED|30|563
4403934492975524|CNX_DROPPED|30|185
4403934440958218|CNX_DROPPED|28|544
4403934440475916|CNX_DROPPED|26|978
4403934486189603|CNX_DROPPED|29|944
4403934443769547|CNX_DROPPED|27|526
4403934467682527|CNX_DROPPED|29|331
4403934434827452|CNX_DROPPED|26|866
4403934405529277|CNX_DROPPED|29|319
4403934460472678|CNX_DROPPED|24|852
4403934494116598|CNX_DROPPED|27|785
4403934417182560|CNX_DROPPED|29|320
4403934474886459|CNX_DROPPED|28|879
4403934471760236|CNX_DROPPED|25|198
4403934499862642|CNX_DROPPED|26|355
4403934478128536|CNX_DROPPED|28|749
4403934472641831|CNX_DROPPED|25|557
4403934462384574|CNX_DROPPED|27|651
4403934498573984|CNX_DROPPED|26|628
4403934472523518|CNX_DROPPED|28|855
4403934439221677|CNX_DROPPED|24|834
4403934451548429|CNX_DROPPED|26|930
4403934422160197|CNX_DROPPED|27|320
4403934437220846|CNX_DROPPED|30|739
4403934437815942|CNX_DROPPED|24|115
4403934490187965|CNX_DROPPED|29|615
4403934447693321|CNX_DROPPED|27|143
4403934430932744|CNX_DROPPED|30|397
4403934429316404|CNX_DROPPED|25|865
4403934450874412|CNX_DROPPED|25|804
4403934465513997|CNX_DROPPED|26|149
4403934424161029|CNX_DROPPED|29|155
4403934430647391|CNX_DROPPED|24|208
4403934431312268|CNX_DROPPED|28|858
4403934474027989|CNX_DROPPED|30|901
4403934438694981|CNX_DROPPED|29|656
4403934466935041|CNX_DROPPED|24|304
4403934446097284|CNX_DROPPED|27|561
4403934460171593|CNX_DROPPED|28|422
4403934476451294|CNX_DROPPED|30|581
4403934495214582|CNX_DROPPED|29|383
4403934479342961|CNX_DROPPED|29|728
4403934485295633|CNX_DROPPED|24|167
4403934401893842|CNX_DROPPED|26|752
4403934423729149|CNX_DROPPED|29|482
4403934412523495|CNX_DROPPED|29|279
4403934426307174|CNX_DROPPED|29|890
4403934452379782|CNX_DROPPED|24|867
4403934463836192|CNX_DROPPED|24|148
4403934429673168|CNX_DROPPED|29|864
4403934494350122|CNX_DROPPED|26|615
4403934454731287|CNX_DROPPED|26|221
4403934466285199|CNX_DROPPED|30|863
4403934471320619|CNX_DROPPED|28|828
4403934498916357|CNX_DROPPED|28|644
4403934456237234|CNX_DROPPED|30|474
4403934438752946|CNX_DROPPED|27|101
4403934456130454|CNX_DROPPED|25|770
4403934487481462|CNX_DROPPED|25|644
4403934458609398|CNX_DROPPED|25|196
4403934451283977|CNX_DROPPED|29|692
4403934430481213|CNX_DROPPED|27|370
4403934456343057|CNX_DROPPED|30|860
4403934448193529|CNX_DROPPED|30|472
4403934450816413|CNX_DROPPED|30|538
4403934458789430|CNX_DROPPED|28|112
4403934417839730|CNX_DROPPED|24|623
4403934430441795|CNX_DROPPED|24|192
4403934441590382|CNX_DROPPED|25|606
4403934487802451|CNX_DROPPED|29|511
4403934469847128|CNX_DROPPED|28|976
4403934443828715|CNX_DROPPED|25|583
4403934484217349|CNX_DROPPED|26|574
4403934420558749|CNX_DROPPED|27|765
4403934461684503|CNX_DROPPED|26|871
4403934456180798|CNX_DROPPED|29|434
4403934412574936|CNX_DROPPED|26|733
4403934419509737|CNX_DROPPED|24|206
4403934464814792|CNX_DROPPED|29|977
4403934435125799|CNX_DROPPED|25|901
4403934432499411|CNX_DROPPED|26|690
4403934459687146|CNX_DROPPED|26|554
4403934496787354|CNX_DROPPED|25|993
4403934478573319|CNX_DROPPED|24|660
4403934456238034|CNX_DROPPED|27|584
4403934423819445|CNX_DROPPED|28|597
4403934434885096|CNX_DROPPED|28|739
4403934497684527|CNX_DROPPED|26|641
4403934492349647|CNX_DROPPED|24|441
4403934469473172|CNX_DROPPED|25|904
4403934429936185|CNX_DROPPED|25|536
4403934453487089|CNX_DROPPED|24|729
4403934476953687|CNX_DROPPED|27|267
4403934461783495|CNX_DROPPED|30|786
4403934471637558|CNX_DROPPED|27|624
4403934478685154|CNX_DROPPED|29|284
4403934464684153|CNX_DROPPED|26|308
4403934477418946|CNX_DROPPED|26|551
4403934454578613|CNX_DROPPED|29|778
4403934498863013|CNX_DROPPED|28|885
4403934488273371|CNX_DROPPED|29|329
4403934427158980|CNX_DROPPED|30|362
4403934401792655|CNX_DROPPED|30|196
4403934474819948|CNX_DROPPED|29|129
4403934415996243|CNX_DROPPED|29|698
4403934458631384|CNX_DROPPED|25|492
4403934487431285|CNX_DROPPED|25|907
4403934496215802|CNX_DROPPED|27|918
4403934422833678|CNX_DROPPED|24|756
4403934461471547|CNX_DROPPED|30|537
4403934437986511|CNX_DROPPED|29|131
4403934498646871|CNX_DROPPED|29|842
4403934412548419|CNX_DROPPED|24|102
4403934402384726|CNX_DROPPED|27|944
4403934487668357|CNX_DROPPED|29|731
4403934462153086|CNX_DROPPED|24|503
4403934424273089|CNX_DROPPED|26|860
4403934494617538|CNX_DROPPED|28|443
4403934495886710|CNX_DROPPED|27|668
4403934461355419|CNX_DROPPED|25|115
4403934432654619|CNX_DROPPED|29|533
4403934402791433|CNX_DROPPED|25|299
4403934433554891|CNX_DROPPED|28|828
4403934497173216|CNX_DROPPED|27|811
4403934484785295|CNX_DROPPED|27|924
4403934499305618|CNX_DROPPED|24|535
4403934413914578|CNX_DROPPED|28|738
4403934480665715|CNX_DROPPED|26|140
4403934448776083|CNX_DROPPED|27|588
4403934426364159|CNX_DROPPED|28|113
4403934401322446|CNX_DROPPED|29|511
4403934420677499|CNX_DROPPED|25|513
4403934424749351|CNX_DROPPED|30|725
4403934482805194|CNX_DROPPED|26|184
4403934440897325|CNX_DROPPED|29|266
4403934439425526|CNX_DROPPED|29|931
4403934442828914|CNX_DROPPED|24|949
4403934496432811|CNX_DROPPED|30|228
4403934458499675|CNX_DROPPED|29|570
4403934402165869|CNX_DROPPED|29|803
4403934457981491|CNX_DROPPED|26|899
4403934461053162|CNX_DROPPED|30|631
4403934408446156|CNX_DROPPED|24|218
4403934461497724|CNX_DROPPED|26|445
4403934456971873|CNX_DROPPED|26|479
4403934415862890|CNX_DROPPED|24|494
4403934434628298|CNX_DROPPED|27|112
4403934415426399|CNX_DROPPED|24|186
4403934431425029|CNX_DROPPED|26|320
4403934445573392|CNX_DROPPED|26|951
4403934404917523|CNX_DROPPED|30|491
4403934454260261|CNX_DROPPED|29|652
4403934429451037|CNX_DROPPED|24|888
4403934469279488|CNX_DROPPED|30|330
4403934455109376|CNX_DROPPED|27|376
4403934461780319|CNX_DROPPED|28|661
4403934408579675|CNX_DROPPED|25|101
4403934469422351|CNX_DROPPED|27|431
4403934424472970|CNX_DROPPED|29|331
4403934404633492|CNX_DROPPED|26|650
4403934417712093|CNX_DROPPED|25|175
4403934464610877|CNX_DROPPED|25|832
4403934479876349|CNX_DROPPED|30|498
4403934436798024|CNX_DROPPED|26|688
4403934471884416|CNX_DROPPED|29|188
4403934488054193|CNX_DROPPED|29|431
4403934429594158|CNX_DROPPED|29|193
4403934448315320|CNX_DROPPED|24|207
4403934475182460|CNX_DROPPED|27|718
4403934487269453|CNX_DROPPED|29|666
4403934489469531|CNX_DROPPED|26|490
4403934476565812|CNX_DROPPED|30|270
4403934485631845|CNX_DROPPED|26|192
4403934467290834|CNX_DROPPED|26|819
4403934416473697|CNX_DROPPED|28|871
4403934427629584|CNX_DROPPED|25|392
4403934474987281|CNX_DROPPED|30|332
4403934429387462|CNX_DROPPED|30|949
4403934434811589|CNX_DROPPED|26|340
4403934487396298|CNX_DROPPED|28|859
4403934416345846|CNX_DROPPED|27|139
4403934479172301|CNX_DROPPED|30|451
4403934479472016|CNX_DROPPED|27|416
4403934412697034|CNX_DROPPED|28|604
4403934491386574|CNX_DROPPED|27|670
4403934418552977|CNX_DROPPED|27|527
4403934405322715|CNX_DROPPED|29|479
4403934483445719|CNX_DROPPED|28|734
4403934464995187|CNX_DROPPED|25|169
4403934425335796|CNX_DROPPED|28|668
4403934495270576|CNX_DROPPED|24|762
4403934423357941|CNX_DROPPED|25|474
4403934414975792|CNX_DROPPED|28|264
4403934484293357|CNX_DROPPED|28|770
4403934493417930|CNX_DROPPED|24|824
4403934429439818|CNX_DROPPED|29|778
4403934416748536|CNX_DROPPED|29|785
4403934481393622|CNX_DROPPED|26|244
4403934401246736|CNX_DROPPED|30|858
4403934448316625|CNX_DROPPED|30|208
4403934498236418|CNX_DROPPED|29|154
4403934498393102|CNX_DROPPED|28|628
4403934413456620|CNX_DROPPED|28|752
4403934454217659|CNX_DROPPED|29|849
4403934451976828|CNX_DROPPED|28|142
4403934486408219|CNX_DROPPED|26|957
4403934445763928|CNX_DROPPED|29|458
4403934485289016|CNX_DROPPED|25|504
4403934405973285|CNX_DROPPED|30|592
4403934454773842|CNX_DROPPED|27|118
4403934449470629|CNX_DROPPED|28|132
4403934465131923|CNX_DROPPED|29|626
4403934497188321|CNX_DROPPED|29|433
4403934462248795|CNX_DROPPED|26|800
4403934497124433|CNX_DROPPED|30|302
4403934495628468|CNX_DROPPED|26|914
4403934467674953|CNX_DROPPED|30|431
4403934476904193|CNX_DROPPED|27|250
4403934485239417|CNX_DROPPED|24|591
4403934448787056|CNX_DROPPED|27|934
4403934404986239|CNX_DROPPED|25|487
4403934463714753|CNX_DROPPED|30|986
4403934428476951|CNX_DROPPED|28|148
4403934473930647|CNX_DROPPED|25|105
4403934476491688|CNX_DROPPED|28|398
4403934412138856|CNX_DROPPED|24|434
4403934498420921|CNX_DROPPED|30|812
4403934474193682|CNX_DROPPED|30|164
4403934457178668|CNX_DROPPED|27|190
4403934434512096|CNX_DROPPED|25|235
4403934482645293|CNX_DROPPED|26|931
4403934490876419|CNX_DROPPED|27|284
4403934449758734|CNX_DROPPED|28|585
4403934476936914|CNX_DROPPED|29|863
4403934464560874|CNX_DROPPED|26|842
4403934408549173|CNX_DROPPED|26|546
4403934475231341|CNX_DROPPED|30|310
4403934497613450|CNX_DROPPED|28|634
4403934412897519|CNX_DROPPED|30|485
4403934436782648|CNX_DROPPED|28|194
4403934419403816|CNX_DROPPED|25|519
4403934483437914|CNX_DROPPED|30|832
4403934418258039|CNX_DROPPED|29|240
4403934477131069|CNX_DROPPED|24|292
4403934485182963|CNX_DROPPED|24|349
4403934412387263|CNX_DROPPED|27|964
4403934486142354|CNX_DROPPED|26|825
4403934499081425|CNX_DROPPED|29|101
4403934423606917|CNX_DROPPED|28|323
4403934409865115|CNX_DROPPED|28|630
4403934481678345|CNX_DROPPED|25|163
4403934486230142|CNX_DROPPED|27|576
4403934461304557|CNX_DROPPED|28|863
4403934428313964|CNX_DROPPED|29|615
4403934484542837|CNX_DROPPED|26|349
4403934499413024|CNX_DROPPED|24|388
4403934429341857|CNX_DROPPED|28|187
4403934466375719|CNX_DROPPED|29|495
4403934416247208|CNX_DROPPED|27|713
4403934453823994|CNX_DROPPED|24|197
4403934494163921|CNX_DROPPED|27|269
4403934489647565|CNX_DROPPED|30|804
4403934403793842|CNX_DROPPED|29|855
4403934427952374|CNX_DROPPED|30|621
4403934415269641|CNX_DROPPED|26|513
4403934494784783|CNX_DROPPED|26|971
4403934452398147|CNX_DROPPED|26|839
4403934467852815|CNX_DROPPED|24|952
4403934492784363|CNX_DROPPED|28|893
4403934404517125|CNX_DROPPED|29|981
4403934486258713|CNX_DROPPED|29|508
4403934469358720|CNX_DROPPED|25|156
4403934420517265|CNX_DROPPED|30|693
4403934446118239|CNX_DROPPED|24|139
4403934458353096|CNX_DROPPED|29|475
4403934484362319|CNX_DROPPED|26|708
4403934498620827|CNX_DROPPED|25|316
4403934430552369|CNX_DROPPED|29|535
4403934489640826|CNX_DROPPED|24|301
4403934427619254|CNX_DROPPED|29|842
4403934457531429|CNX_DROPPED|29|108
4403934432214570|CNX_DROPPED|28|736
4403934486247120|CNX_DROPPED|28|748
4403934497512637|CNX_DROPPED|30|300
4403934497976816|CNX_DROPPED|28|483
4403934427014233|CNX_DROPPED|28|807
4403934496452637|CNX_DROPPED|24|234
4403934492315150|CNX_DROPPED|25|337
4403934443321612|CNX_DROPPED|29|370
4403934485236561|CNX_DROPPED|28|206
4403934496181087|CNX_DROPPED|28|421
4403934461167483|CNX_DROPPED|24|265
4403934428352673|CNX_DROPPED|25|772
4403934464221063|CNX_DROPPED|26|339
4403934458231995|CNX_DROPPED|26|475
4403934432458391|CNX_DROPPED|24|776
4403934432417413|CNX_DROPPED|24|968
4403934495250487|CNX_DROPPED|27|114
4403934471994868|CNX_DROPPED|27|865
4403934489866371|CNX_DROPPED|26|317
4403934418247347|CNX_DROPPED|27|468
4403934483140856|CNX_DROPPED|27|367
4403934405328167|CNX_DROPPED|24|848
4403934479627544|CNX_DROPPED|25|725
4403934462506184|CNX_DROPPED|24|459
4403934423614705|CNX_DROPPED|24|283
4403934459873134|CNX_DROPPED|30|243
4403934475966318|CNX_DROPPED|24|504
4403934428471994|CNX_DROPPED|25|470
4403934414988456|CNX_DROPPED|25|657
4403934449425318|CNX_DROPPED|29|719
4403934435242917|CNX_DROPPED|26|993
4403934474665473|CNX_DROPPED|28|504
4403934476289256|CNX_DROPPED|24|202
4403934429688570|CNX_DROPPED|24|542
4403934438690476|CNX_DROPPED|30|858
4403934441104796|CNX_DROPPED|28|128
4403934482719965|CNX_DROPPED|26|920
4403934484153759|CNX_DROPPED|25|372
4403934489225131|CNX_DROPPED|29|508
4403934487698545|CNX_DROPPED|25|820
4403934476426189|CNX_DROPPED|27|820
4403934448291356|CNX_DROPPED|26|205
4403934450896118|CNX_DROPPED|27|661
4403934459738634|CNX_DROPPED|24|347
4403934427435198|CNX_DROPPED|27|262
4403934486703551|CNX_DROPPED|27|266
4403934423479356|CNX_DROPPED|28|240
4403934478297141|CNX_DROPPED|30|748
4403934444181890|CNX_DROPPED|27|680
4403934451844927|CNX_DROPPED|24|988
4403934467132168|CNX_DROPPED|29|920
4403934408622814|CNX_DROPPED|30|666
4403934431568026|CNX_DROPPED|26|601
4403934481246317|CNX_DROPPED|28|751
4403934428132786|CNX_DROPPED|27|602
4403934411605988|CNX_DROPPED|28|682
4403934432586738|CNX_DROPPED|28|300
4403934415387971|CNX_DROPPED|24|782
4403934450638759|CNX_DROPPED|24|896
4403934431526685|CNX_DROPPED|30|472
4403934409468837|CNX_DROPPED|30|564
4403934448397625|CNX_DROPPED|26|994
4403934463953849|CNX_DROPPED|26|884
4403934490123747|CNX_DROPPED|24|765
4403934493025618|CNX_DROPPED|28|193
4403934492453076|CNX_DROPPED|28|334
4403934472482681|CNX_DROPPED|25|542
4403934497362645|CNX_DROPPED|30|911
4403934485164219|CNX_DROPPED|24|999
4403934418873902|CNX_DROPPED|30|148
4403934477256106|CNX_DROPPED|30|525
4403934482359580|CNX_DROPPED|26|206
4403934495031762|CNX_DROPPED|26|847
4403934462364717|CNX_DROPPED|25|629
4403934495238482|CNX_DROPPED|26|568
4403934471236781|CNX_DROPPED|26|245
4403934442519737|CNX_DROPPED|24|540
4403934478045664|CNX_DROPPED|27|589
4403934457984412|CNX_DROPPED|24|762
4403934427948265|CNX_DROPPED|30|172
4403934457719164|CNX_DROPPED|25|651
4403934468315549|CNX_DROPPED|28|672
4403934421197604|CNX_DROPPED|28|737
4403934461674371|CNX_DROPPED|26|826
4403934451262898|CNX_DROPPED|30|798
4403934439817235|CNX_DROPPED|26|854
4403934479488236|CNX_DROPPED|28|931
4403934465523210|CNX_DROPPED|28|957
4403934498861173|CNX_DROPPED|26|529
4403934405724662|CNX_DROPPED|27|717
4403934443212837|CNX_DROPPED|24|453
4403934459126764|CNX_DROPPED|28|139
4403934447156758|CNX_DROPPED|30|476
4403934485467869|CNX_DROPPED|30|319
4403934486951721|CNX_DROPPED|25|799
4403934424546351|CNX_DROPPED|29|744
4403934435673749|CNX_DROPPED|26|991
4403934432271059|CNX_DROPPED|30|186
4403934484281709|CNX_DROPPED|30|894
4403934473241623|CNX_DROPPED|25|793
4403934490658429|CNX_DROPPED|27|182
4403934419757856|CNX_DROPPED|28|666
4403934410256312|CNX_DROPPED|24|255
4403934412957644|CNX_DROPPED|25|584
4403934411486934|CNX_DROPPED|27|709
4403934479841731|CNX_DROPPED|28|130
4403934486043214|CNX_DROPPED|24|275
4403934455970421|CNX_DROPPED|28|915
4403934457901267|CNX_DROPPED|30|677
4403934488063129|CNX_DROPPED|29|907
4403934493425743|CNX_DROPPED|25|249
4403934415276208|CNX_DROPPED|29|289
4403934457335417|CNX_DROPPED|29|723
4403934455944921|CNX_DROPPED|28|362
4403934411598738|CNX_DROPPED|27|311
4403934426590845|CNX_DROPPED|26|878
4403934467714684|CNX_DROPPED|29|869
4403934494716587|CNX_DROPPED|26|295
4403934496446381|CNX_DROPPED|28|226
4403934452746089|CNX_DROPPED|28|303
4403934491847526|CNX_DROPPED|28|769
4403934447961520|CNX_DROPPED|25|374
4403934466772451|CNX_DROPPED|28|159
4403934404125978|CNX_DROPPED|24|973
4403934425796849|CNX_DROPPED|25|292
4403934427895169|CNX_DROPPED|29|425
4403934436492578|CNX_DROPPED|26|779
4403934446790482|CNX_DROPPED|29|440
4403934439601274|CNX_DROPPED|27|568
4403934459817636|CNX_DROPPED|25|438
4403934435778282|CNX_DROPPED|28|712
4403934424688773|CNX_DROPPED|26|972
4403934495221819|CNX_DROPPED|24|853
4403934410612639|CNX_DROPPED|26|793
4403934480381529|CNX_DROPPED|24|160
4403934499083751|CNX_DROPPED|28|415
4403934494684736|CNX_DROPPED|29|221
4403934425185746|CNX_DROPPED|25|252
4403934461519238|CNX_DROPPED|24|344
4403934454753430|CNX_DROPPED|30|835
4403934438742061|CNX_DROPPED|29|955
4403934418374802|CNX_DROPPED|28|350
4403934469481613|CNX_DROPPED|24|922
4403934486755791|CNX_DROPPED|26|914
4403934450956748|CNX_DROPPED|27|540
4403934411852739|CNX_DROPPED|26|281
4403934442769373|CNX_DROPPED|30|252
4403934498626147|CNX_DROPPED|30|234
4403934479862562|CNX_DROPPED|28|846
4403934438294725|CNX_DROPPED|24|992
4403934493775410|CNX_DROPPED|26|229
4403934437603249|CNX_DROPPED|24|409
4403934435761262|CNX_DROPPED|29|322
4403934423380497|CNX_DROPPED|24|619
4403934467951534|CNX_DROPPED|30|844
4403934418361890|CNX_DROPPED|28|640
4403934487152063|CNX_DROPPED|27|927
4403934420517893|CNX_DROPPED|27|356
4403934465829708|CNX_DROPPED|30|164
4403934447691614|CNX_DROPPED|28|499
4403934435362095|CNX_DROPPED|29|271
4403934459672098|CNX_DROPPED|30|321
4403934497316245|CNX_DROPPED|25|855
4403934419085241|CNX_DROPPED|29|577
4403934454689410|CNX_DROPPED|24|297
4403934435325217|CNX_DROPPED|25|231
4403934479428893|CNX_DROPPED|24|198
4403934488546479|CNX_DROPPED|26|595
4403934443091967|CNX_DROPPED|28|204
4403934491565284|CNX_DROPPED|27|320
4403934419067827|CNX_DROPPED|26|531
4403934434891862|CNX_DROPPED|24|793
4403934446852753|CNX_DROPPED|25|912
4403934496851374|CNX_DROPPED|29|703
4403934452693810|CNX_DROPPED|27|441
4403934491086935|CNX_DROPPED|25|636
4403934448693536|CNX_DROPPED|26|305
4403934480412373|CNX_DROPPED|24|630
4403934473711625|CNX_DROPPED|28|854
4403934483737420|CNX_DROPPED|29|916
4403934491685397|CNX_DROPPED|27|415
4403934472638142|CNX_DROPPED|27|499
4403934465484561|CNX_DROPPED|25|754
4403934441799280|CNX_DROPPED|28|288
4403934462759940|CNX_DROPPED|25|667
4403934464186985|CNX_DROPPED|30|500
4403934499047657|CNX_DROPPED|28|431
4403934479920634|CNX_DROPPED|27|850
4403934438246923|CNX_DROPPED|29|853
4403934491858127|CNX_DROPPED|25|957
4403934432544596|CNX_DROPPED|26|233
4403934428199843|CNX_DROPPED|29|277
4403934421690152|CNX_DROPPED|27|901
4403934452469831|CNX_DROPPED|29|682
4403934413175584|CNX_DROPPED|30|277
4403934495368172|CNX_DROPPED|30|985
4403934417917296|CNX_DROPPED|30|125
4403934423591820|CNX_DROPPED|30|224
4403934479282365|CNX_DROPPED|28|689
4403934450856294|CNX_DROPPED|26|256
4403934451129865|CNX_DROPPED|28|228
4403934491843459|CNX_DROPPED|26|331
4403934453126968|CNX_DROPPED|28|578
4403934483564402|CNX_DROPPED|26|699
4403934482621963|CNX_DROPPED|29|538
4403934426871989|CNX_DROPPED|26|949
4403934463618442|CNX_DROPPED|29|982
4403934477269141|CNX_DROPPED|28|735
4403934414783147|CNX_DROPPED|28|885
4403934471326145|CNX_DROPPED|27|530
4403934423478150|CNX_DROPPED|29|370
4403934447849857|CNX_DROPPED|27|539
4403934415157390|CNX_DROPPED|26|594
4403934437473452|CNX_DROPPED|29|961
4403934465410137|CNX_DROPPED|28|212
4403934406198759|CNX_DROPPED|25|262
4403934434956723|CNX_DROPPED|24|692
4403934476240283|CNX_DROPPED|28|619
4403934435121889|CNX_DROPPED|29|262
4403934436589654|CNX_DROPPED|28|886
4403934492631895|CNX_DROPPED|28|307
4403934462270179|CNX_DROPPED|24|807
4403934441953705|CNX_DROPPED|28|226
4403934481924251|CNX_DROPPED|26|538
4403934487472651|CNX_DROPPED|26|968
4403934458966541|CNX_DROPPED|24|145
4403934418451774|CNX_DROPPED|29|868
4403934425308314|CNX_DROPPED|26|844
4403934451676097|CNX_DROPPED|29|347
4403934460381317|CNX_DROPPED|24|653
4403934426912478|CNX_DROPPED|29|489
4403934470125894|CNX_DROPPED|28|629
4403934423085377|CNX_DROPPED|27|859
4403934445729358|CNX_DROPPED|25|313
4403934492579086|CNX_DROPPED|24|620
4403934486731594|CNX_DROPPED|26|760
4403934423434112|CNX_DROPPED|28|751
4403934418903626|CNX_DROPPED|26|270
4403934418234261|CNX_DROPPED|27|321
4403934410647619|CNX_DROPPED|28|680
4403934472340673|CNX_DROPPED|24|981
4403934455779681|CNX_DROPPED|30|192
4403934414065982|CNX_DROPPED|26|389
4403934447989141|CNX_DROPPED|30|485
4403934428256379|CNX_DROPPED|26|995
4403934414378609|CNX_DROPPED|24|773
4403934402659978|CNX_DROPPED|25|543
4403934455946371|CNX_DROPPED|28|222
4403934476382218|CNX_DROPPED|26|497
4403934447186672|CNX_DROPPED|30|679
4403934456164792|CNX_DROPPED|29|469
4403934495758687|CNX_DROPPED|26|263
4403934442356981|CNX_DROPPED|26|199
4403934495619210|CNX_DROPPED|29|657
4403934488237665|CNX_DROPPED|28|765
4403934489407127|CNX_DROPPED|27|491
4403934419462895|CNX_DROPPED|30|886
4403934426768490|CNX_DROPPED|27|863
4403934457165640|CNX_DROPPED|25|532
4403934477289644|CNX_DROPPED|25|619
4403934474669210|CNX_DROPPED|28|369
4403934487947165|CNX_DROPPED|29|881
4403934460278349|CNX_DROPPED|29|145
4403934453594686|CNX_DROPPED|28|159
4403934444398718|CNX_DROPPED|27|333
4403934494615045|CNX_DROPPED|25|647
4403934464046783|CNX_DROPPED|27|311
4403934496842423|CNX_DROPPED|27|503
4403934469174259|CNX_DROPPED|24|969
4403934451903756|CNX_DROPPED|24|926
4403934469521764|CNX_DROPPED|28|761
4403934427315283|CNX_DROPPED|24|561
4403934451216803|CNX_DROPPED|30|103
4403934475092818|CNX_DROPPED|26|309
4403934447302154|CNX_DROPPED|29|928
4403934496127338|CNX_DROPPED|29|966
4403934436228063|CNX_DROPPED|24|858
4403934497116223|CNX_DROPPED|25|557
4403934484360917|CNX_DROPPED|29|256
4403934469926138|CNX_DROPPED|29|579
4403934473585243|CNX_DROPPED|28|992
4403934468491795|CNX_DROPPED|24|102
4403934481975873|CNX_DROPPED|29|703
4403934449677181|CNX_DROPPED|30|538
4403934496385423|CNX_DROPPED|26|390
4403934432352149|CNX_DROPPED|30|771
4403934470663191|CNX_DROPPED|24|642
4403934420373552|CNX_DROPPED|30|546
4403934459520347|CNX_DROPPED|24|545
4403934453162435|CNX_DROPPED|28|940
4403934458172934|CNX_DROPPED|26|664
4403934476533497|CNX_DROPPED|29|450
4403934415432686|CNX_DROPPED|24|389
4403934459283714|CNX_DROPPED|27|217
4403934414959812|CNX_DROPPED|30|124
4403934486942316|CNX_DROPPED|24|469
4403934412279346|CNX_DROPPED|30|572
4403934437595627|CNX_DROPPED|24|158
4403934473938186|CNX_DROPPED|26|377
4403934459718693|CNX_DROPPED|30|419
4403934436684729|CNX_DROPPED|27|968
4403934457095136|CNX_DROPPED|24|405
4403934470383691|CNX_DROPPED|28|282
4403934473195894|CNX_DROPPED|24|681
4403934456279897|CNX_DROPPED|30|459
4403934436485671|CNX_DROPPED|30|842
4403934495468170|CNX_DROPPED|29|232
4403934418969478|CNX_DROPPED|30|191
4403934489542303|CNX_DROPPED|29|279
4403934464982151|CNX_DROPPED|26|327
4403934421198560|CNX_DROPPED|27|662
4403934449278378|CNX_DROPPED|29|434
4403934499154362|CNX_DROPPED|25|318
4403934415746317|CNX_DROPPED|29|739
4403934439698205|CNX_DROPPED|24|545
4403934406925821|CNX_DROPPED|27|626
4403934476598326|CNX_DROPPED|30|153
4403934479731486|CNX_DROPPED|24|680
4403934408916232|CNX_DROPPED|25|749
4403934416367998|CNX_DROPPED|27|199
4403934426914193|CNX_DROPPED|24|720
4403934479906526|CNX_DROPPED|27|131
4403934458423790|CNX_DROPPED|24|905
4403934481432479|CNX_DROPPED|29|761
4403934469275023|CNX_DROPPED|25|939
4403934449671275|CNX_DROPPED|28|269
4403934443092668|CNX_DROPPED|25|241
4403934424368475|CNX_DROPPED|27|795
4403934472415236|CNX_DROPPED|29|789
4403934478268597|CNX_DROPPED|30|247
4403934493685742|CNX_DROPPED|27|539
4403934456896724|CNX_DROPPED|26|398
4403934424270564|CNX_DROPPED|24|627
4403934489950423|CNX_DROPPED|27|279
4403934420437191|CNX_DROPPED|29|391
4403934475673658|CNX_DROPPED|29|983
4403934431259345|CNX_DROPPED|24|788
4403934433285249|CNX_DROPPED|30|173
4403934448221056|CNX_DROPPED|24|152
4403934454530267|CNX_DROPPED|25|935
4403934457048143|CNX_DROPPED|27|199
4403934473891930|CNX_DROPPED|29|368
4403934453467891|CNX_DROPPED|28|673
4403934474211559|CNX_DROPPED|30|642
4403934412956695|CNX_DROPPED|26|649
4403934458912362|CNX_DROPPED|25|756
4403934482794653|CNX_DROPPED|28|592
4403934409379257|CNX_DROPPED|28|662
4403934437245421|CNX_DROPPED|30|973
4403934435619510|CNX_DROPPED|25|658
4403934438496650|CNX_DROPPED|29|837
4403934413594180|CNX_DROPPED|30|778
4403934446981917|CNX_DROPPED|30|947
4403934414623848|CNX_DROPPED|25|372
4403934424279581|CNX_DROPPED|30|967
4403934401628768|CNX_DROPPED|27|449
4403934419347864|CNX_DROPPED|26|371
4403934479294386|CNX_DROPPED|30|400
4403934415578314|CNX_DROPPED|27|493
4403934479516093|CNX_DROPPED|25|642
4403934405683918|CNX_DROPPED|26|663
4403934459873480|CNX_DROPPED|26|441
4403934499474653|CNX_DROPPED|28|991
4403934438546967|CNX_DROPPED|27|398
4403934498393466|CNX_DROPPED|28|160
4403934413459665|CNX_DROPPED|26|455
4403934471425632|CNX_DROPPED|25|901
4403934407515746|CNX_DROPPED|25|197
4403934471696448|CNX_DROPPED|25|817
4403934449754618|CNX_DROPPED|26|284
4403934450362541|CNX_DROPPED|25|980
4403934444782671|CNX_DROPPED|26|695
4403934416354772|CNX_DROPPED|28|730
4403934439215174|CNX_DROPPED|24|912
4403934498607154|CNX_DROPPED|27|495
4403934406275821|CNX_DROPPED|30|345
4403934457429194|CNX_DROPPED|30|454
4403934439404281|CNX_DROPPED|24|163
4403934421385464|CNX_DROPPED|30|795
4403934431881957|CNX_DROPPED|29|857
4403934425118937|CNX_DROPPED|30|947
4403934421513594|CNX_DROPPED|25|978
4403934499453541|CNX_DROPPED|24|405
4403934497633748|CNX_DROPPED|28|667
4403934413563490|CNX_DROPPED|24|435
4403934429023786|CNX_DROPPED|28|814
4403934447958039|CNX_DROPPED|26|115
4403934433177198|CNX_DROPPED|27|518
4403934473240682|CNX_DROPPED|25|243
4403934482678393|CNX_DROPPED|24|371
4403934467499658|CNX_DROPPED|28|819
4403934499651342|CNX_DROPPED|27|730
4403934432324486|CNX_DROPPED|30|567
4403934413429890|CNX_DROPPED|25|891
4403934411804623|CNX_DROPPED|25|126
4403934413764312|CNX_DROPPED|29|360
4403934485148709|CNX_DROPPED|28|329
4403934479667508|CNX_DROPPED|27|607
4403934423766158|CNX_DROPPED|25|650
4403934490576894|CNX_DROPPED|30|117
4403934493083724|CNX_DROPPED|24|278
4403934495128436|CNX_DROPPED|26|503
4403934421409413|CNX_DROPPED|28|640
4403934453949062|CNX_DROPPED|27|911
4403934493177450|CNX_DROPPED|28|171
4403934482583916|CNX_DROPPED|26|727
4403934448622139|CNX_DROPPED|28|674
4403934448609185|CNX_DROPPED|30|907
4403934497258611|CNX_DROPPED|25|531
4403934415747224|CNX_DROPPED|27|905
4403934483643255|CNX_DROPPED|24|903
4403934468504993|CNX_DROPPED|24|416
4403934447482899|CNX_DROPPED|28|734
4403934471683974|CNX_DROPPED|27|402
4403934431825616|CNX_DROPPED|25|515
4403934475694506|CNX_DROPPED|24|192
4403934442989765|CNX_DROPPED|29|361
4403934416982374|CNX_DROPPED|28|161
4403934446420361|CNX_DROPPED|26|894
4403934434971664|CNX_DROPPED|25|535
4403934451688472|CNX_DROPPED|27|996
4403934428354596|CNX_DROPPED|25|181
4403934448576699|CNX_DROPPED|27|461
4403934403541498|CNX_DROPPED|24|237
4403934485649532|CNX_DROPPED|30|911
4403934456380315|CNX_DROPPED|24|852
4403934476928093|CNX_DROPPED|26|544
4403934414697438|CNX_DROPPED|28|111
4403934497536438|CNX_DROPPED|30|859
4403934481765795|CNX_DROPPED|29|362
4403934481967458|CNX_DROPPED|27|254
4403934486735728|CNX_DROPPED|30|893
4403934478911634|CNX_DROPPED|26|261
4403934492296178|CNX_DROPPED|28|505
4403934432648371|CNX_DROPPED|27|187
4403934428203686|CNX_DROPPED|24|902
4403934493781442|CNX_DROPPED|30|263
4403934451798123|CNX_DROPPED|25|162
4403934495824786|CNX_DROPPED|25|338
4403934447913869|CNX_DROPPED|27|655
4403934424591977|CNX_DROPPED|26|449
4403934423556401|CNX_DROPPED|27|420
4403934414422175|CNX_DROPPED|28|311
4403934481590748|CNX_DROPPED|29|565
4403934464048987|CNX_DROPPED|26|253
4403934441762155|CNX_DROPPED|26|154
4403934495961224|CNX_DROPPED|24|971
4403934454891693|CNX_DROPPED|28|294
4403934476462119|CNX_DROPPED|30|649
4403934431782197|CNX_DROPPED|27|955
4403934461078474|CNX_DROPPED|30|807
4403934464334825|CNX_DROPPED|29|790
4403934463447180|CNX_DROPPED|29|104
4403934458509648|CNX_DROPPED|28|743
4403934418368796|CNX_DROPPED|27|428
4403934453016359|CNX_DROPPED|25|440
4403934460983195|CNX_DROPPED|30|976
4403934401985846|CNX_DROPPED|27|136
4403934494739167|CNX_DROPPED|29|446
4403934422314513|CNX_DROPPED|25|958
4403934475406182|CNX_DROPPED|24|629
4403934412140688|CNX_DROPPED|30|350
4403934483026311|CNX_DROPPED|26|910
4403934412879335|CNX_DROPPED|26|950
4403934424337751|CNX_DROPPED|28|401
4403934436187285|CNX_DROPPED|28|936
4403934425690141|CNX_DROPPED|26|830
4403934449303945|CNX_DROPPED|27|422
4403934431568497|CNX_DROPPED|25|543
4403934407138358|CNX_DROPPED|24|818
4403934476409375|CNX_DROPPED|27|468
4403934448479159|CNX_DROPPED|27|278
4403934431612659|CNX_DROPPED|27|950
4403934414865308|CNX_DROPPED|30|638
4403934483114729|CNX_DROPPED|30|535
4403934413605739|CNX_DROPPED|28|533
4403934406313952|CNX_DROPPED|29|567
4403934435662452|CNX_DROPPED|28|629
4403934484926741|CNX_DROPPED|30|497
4403934470733499|CNX_DROPPED|26|964
4403934421958625|CNX_DROPPED|29|922
4403934461684123|CNX_DROPPED|28|316
4403934479652146|CNX_DROPPED|30|656
4403934453507944|CNX_DROPPED|24|871
4403934424316839|CNX_DROPPED|29|731
4403934473554926|CNX_DROPPED|24|753
4403934406198833|CNX_DROPPED|25|839
4403934455839873|CNX_DROPPED|27|963
4403934490323818|CNX_DROPPED|25|127
4403934440374861|CNX_DROPPED|25|414
4403934473599012|CNX_DROPPED|25|524
4403934413696902|CNX_DROPPED|24|441
4403934418766817|CNX_DROPPED|26|825
4403934473126949|CNX_DROPPED|28|383
4403934495384260|CNX_DROPPED|28|580
4403934463718325|CNX_DROPPED|24|969
4403934443977835|CNX_DROPPED|29|924
4403934431392617|CNX_DROPPED|28|537
4403934426468984|CNX_DROPPED|29|476
4403934448586961|CNX_DROPPED|26|374
4403934475826645|CNX_DROPPED|27|800
4403934486245975|CNX_DROPPED|30|804
4403934425717654|CNX_DROPPED|24|234
4403934484179796|CNX_DROPPED|29|250
4403934416923535|CNX_DROPPED|26|242
4403934446573169|CNX_DROPPED|26|846
4403934447682894|CNX_DROPPED|26|716
4403934426135856|CNX_DROPPED|24|535
4403934452376192|CNX_DROPPED|26|859
4403934452477438|CNX_DROPPED|27|773
4403934479338472|CNX_DROPPED|29|662
4403934484521971|CNX_DROPPED|29|302
4403934447242509|CNX_DROPPED|28|357
4403934424092133|CNX_DROPPED|25|455
4403934496815239|CNX_DROPPED|27|766
4403934452856680|CNX_DROPPED|25|507
4403934472438014|CNX_DROPPED|24|187
4403934478230415|CNX_DROPPED|30|816
4403934442352758|CNX_DROPPED|28|116
4403934418794835|CNX_DROPPED|30|560
4403934425934523|CNX_DROPPED|29|306
4403934423927859|CNX_DROPPED|26|319
4403934421185674|CNX_DROPPED|26|497
4403934435021428|CNX_DROPPED|24|378
4403934420663234|CNX_DROPPED|29|609
4403934424769375|CNX_DROPPED|24|179
4403934493177526|CNX_DROPPED|27|346
4403934456476188|CNX_DROPPED|26|553
4403934432459068|CNX_DROPPED|25|782
4403934408363948|CNX_DROPPED|27|611
4403934445337988|CNX_DROPPED|29|776
4403934475166828|CNX_DROPPED|27|608
4403934477698612|CNX_DROPPED|30|701
4403934463948369|CNX_DROPPED|26|287
4403934456410369|CNX_DROPPED|26|819
4403934415842892|CNX_DROPPED|29|182
4403934463516471|CNX_DROPPED|25|393
4403934418690835|CNX_DROPPED|30|154
4403934498475230|CNX_DROPPED|28|398
4403934444786532|CNX_DROPPED|28|586
4403934405481339|CNX_DROPPED|24|601
4403934468798405|CNX_DROPPED|29|231
4403934472481956|CNX_DROPPED|27|478
4403934443870618|CNX_DROPPED|29|571
4403934456452098|CNX_DROPPED|26|883
4403934487128956|CNX_DROPPED|24|911
4403934428459247|CNX_DROPPED|24|743
4403934417582140|CNX_DROPPED|30|750
4403934462402319|CNX_DROPPED|27|494
4403934499565328|CNX_DROPPED|26|718
4403934481617079|CNX_DROPPED|25|692
4403934476441253|CNX_DROPPED|26|393
4403934419472985|CNX_DROPPED|25|272
4403934440638372|CNX_DROPPED|29|589
4403934494526713|CNX_DROPPED|28|535
4403934454428801|CNX_DROPPED|28|114
4403934465994213|CNX_DROPPED|28|596
4403934452409886|CNX_DROPPED|30|798
4403934442549973|CNX_DROPPED|24|234
4403934457410632|CNX_DROPPED|24|828
4403934409672859|CNX_DROPPED|30|266
4403934448271523|CNX_DROPPED|29|327
4403934456618144|CNX_DROPPED|29|960
4403934424713951|CNX_DROPPED|25|637
4403934418490178|CNX_DROPPED|27|169
4403934412945078|CNX_DROPPED|24|801
4403934404817343|CNX_DROPPED|24|918
4403934497848973|CNX_DROPPED|30|188
4403934435902684|CNX_DROPPED|24|362
4403934439649182|CNX_DROPPED|27|543
4403934465984206|CNX_DROPPED|30|689
4403934411344562|CNX_DROPPED|27|492
4403934402529114|CNX_DROPPED|24|759
4403934464837132|CNX_DROPPED|27|437
4403934446681897|CNX_DROPPED|24|384
4403934463549845|CNX_DROPPED|25|606
4403934421337416|CNX_DROPPED|25|270
4403934480946362|CNX_DROPPED|30|981
4403934416485097|CNX_DROPPED|25|618
4403934421455937|CNX_DROPPED|27|254
4403934479376563|CNX_DROPPED|29|668
4403934487530144|CNX_DROPPED|27|528
4403934464791792|CNX_DROPPED|24|206
4403934486195402|CNX_DROPPED|29|310
4403934455298484|CNX_DROPPED|24|873
4403934456315246|CNX_DROPPED|28|557
4403934483104431|CNX_DROPPED|28|925
4403934475480922|CNX_DROPPED|29|361
4403934465787252|CNX_DROPPED|29|717
4403934487139250|CNX_DROPPED|25|646
4403934473178569|CNX_DROPPED|29|781
4403934437421816|CNX_DROPPED|28|630
4403934421820445|CNX_DROPPED|25|650
4403934463254925|CNX_DROPPED|30|361
4403934426638297|CNX_DROPPED|27|649
4403934423479869|CNX_DROPPED|25|384
4403934498921746|CNX_DROPPED|25|326
4403934429034981|CNX_DROPPED|28|617
4403934414365325|CNX_DROPPED|27|629
4403934458766149|CNX_DROPPED|27|303
4403934454261038|CNX_DROPPED|30|311
4403934469227859|CNX_DROPPED|30|886
4403934487551769|CNX_DROPPED|27|310
4403934480982623|CNX_DROPPED|29|373
4403934437257459|CNX_DROPPED|26|989
4403934464039218|CNX_DROPPED|29|224
4403934466374803|CNX_DROPPED|24|494
4403934493218346|CNX_DROPPED|30|692
4403934454336970|CNX_DROPPED|26|287
4403934425875213|CNX_DROPPED|26|308
4403934481642358|CNX_DROPPED|28|412
4403934434961715|CNX_DROPPED|29|459
4403934499827157|CNX_DROPPED|25|761
4403934414367941|CNX_DROPPED|24|755
4403934490864787|CNX_DROPPED|24|592
4403934435214932|CNX_DROPPED|27|765
4403934470351268|CNX_DROPPED|27|599
4403934419014639|CNX_DROPPED|25|400
4403934484573022|CNX_DROPPED|30|829
4403934473863244|CNX_DROPPED|30|396
4403934438598497|CNX_DROPPED|28|441
4403934427531798|CNX_DROPPED|29|669
4403934491450271|CNX_DROPPED|24|734
4403934488436655|CNX_DROPPED|28|846
4403934449812879|CNX_DROPPED|28|454
4403934483247651|CNX_DROPPED|30|398
4403934423624068|CNX_DROPPED|27|614
4403934448523931|CNX_DROPPED|26|610
4403934413841227|CNX_DROPPED|28|593
4403934418621756|CNX_DROPPED|28|641
4403934420798345|CNX_DROPPED|26|410
4403934417938052|CNX_DROPPED|24|426
4403934453790169|CNX_DROPPED|24|608
4403934423483705|CNX_DROPPED|25|818
4403934414897376|CNX_DROPPED|28|374
4403934441367849|CNX_DROPPED|28|461
4403934457038714|CNX_DROPPED|30|379
4403934443891697|CNX_DROPPED|29|398
4403934433469165|CNX_DROPPED|24|933
4403934492487652|CNX_DROPPED|27|291
4403934437084515|CNX_DROPPED|27|177
4403934448016589|CNX_DROPPED|29|831
4403934442705781|CNX_DROPPED|27|697
4403934416855414|CNX_DROPPED|27|305
4403934418334921|CNX_DROPPED|30|998
4403934445776045|CNX_DROPPED|24|841
4403934493258136|CNX_DROPPED|25|922
4403934423474571|CNX_DROPPED|28|611
4403934408711468|CNX_DROPPED|24|211
4403934496120267|CNX_DROPPED|24|116
4403934443882175|CNX_DROPPED|24|902
4403934491726514|CNX_DROPPED|29|512
4403934486652873|CNX_DROPPED|26|839
4403934435980375|CNX_DROPPED|27|580
4403934427768093|CNX_DROPPED|27|810
4403934428968114|CNX_DROPPED|24|724
4403934459268145|CNX_DROPPED|25|422
4403934448023171|CNX_DROPPED|26|734
4403934469377902|CNX_DROPPED|29|802
4403934442428657|CNX_DROPPED|29|300
4403934441439770|CNX_DROPPED|26|118
4403934463187430|CNX_DROPPED|30|201
4403934441759037|CNX_DROPPED|29|990
4403934458329468|CNX_DROPPED|27|585
4403934449551279|CNX_DROPPED|25|207
4403934457716533|CNX_DROPPED|27|889
4403934472535397|CNX_DROPPED|26|210
4403934453947520|CNX_DROPPED|25|683
4403934435413195|CNX_DROPPED|28|799
4403934443317255|CNX_DROPPED|29|257
4403934430129846|CNX_DROPPED|30|282
4403934429975514|CNX_DROPPED|25|471
4403934425619231|CNX_DROPPED|28|913
4403934456423586|CNX_DROPPED|30|686
4403934427614792|CNX_DROPPED|25|746
4403934468794917|CNX_DROPPED|26|945
4403934469893734|CNX_DROPPED|24|538
4403934426473190|CNX_DROPPED|27|698
4403934408972649|CNX_DROPPED|29|236
4403934416945173|CNX_DROPPED|28|999
4403934496843785|CNX_DROPPED|26|542
4403934462381521|CNX_DROPPED|24|716
4403934487941903|CNX_DROPPED|30|785
4403934408122864|CNX_DROPPED|26|844
4403934414693478|CNX_DROPPED|28|118
4403934463526454|CNX_DROPPED|29|276
4403934489713649|CNX_DROPPED|28|428
4403934473910524|CNX_DROPPED|25|190
4403934438660495|CNX_DROPPED|25|648
4403934457922610|CNX_DROPPED|25|114
4403934418406372|CNX_DROPPED|25|933
4403934450336248|CNX_DROPPED|25|668
4403934498485056|CNX_DROPPED|24|347
4403934474351207|CNX_DROPPED|29|785
4403934460778983|CNX_DROPPED|26|988
4403934422714498|CNX_DROPPED|28|682
4403934482249765|CNX_DROPPED|30|436
4403934471653621|CNX_DROPPED|28|872
4403934411839405|CNX_DROPPED|25|489
4403934488926903|CNX_DROPPED|26|248
4403934451036797|CNX_DROPPED|28|590
4403934425394017|CNX_DROPPED|29|772
4403934464296149|CNX_DROPPED|25|280
4403934431537062|CNX_DROPPED|28|103
4403934444680917|CNX_DROPPED|27|720
4403934426581919|CNX_DROPPED|26|967
4403934470585683|CNX_DROPPED|27|627
4403934415969042|CNX_DROPPED|30|209
4403934482943417|CNX_DROPPED|25|323
4403934472267843|CNX_DROPPED|27|486
4403934458163594|CNX_DROPPED|29|674
4403934487356045|CNX_DROPPED|30|722
4403934449978258|CNX_DROPPED|24|253
4403934438291754|CNX_DROPPED|27|519
4403934497153945|CNX_DROPPED|29|130
4403934436878305|CNX_DROPPED|30|296
4403934463517487|CNX_DROPPED|29|289
4403934498563571|CNX_DROPPED|24|566
4403934450387928|CNX_DROPPED|27|477
4403934459123837|CNX_DROPPED|28|454
4403934474630915|CNX_DROPPED|25|612
4403934482640575|CNX_DROPPED|27|867
4403934445574721|CNX_DROPPED|28|533
4403934428382571|CNX_DROPPED|27|525
4403934491413576|CNX_DROPPED|26|454
4403934472564298|CNX_DROPPED|30|494
4403934460157295|CNX_DROPPED|25|374
4403934480832174|CNX_DROPPED|27|425
4403934421893285|CNX_DROPPED|26|133
4403934462369245|CNX_DROPPED|30|214
4403934492176305|CNX_DROPPED|28|962
4403934461442589|CNX_DROPPED|25|923
4403934442840679|CNX_DROPPED|27|648
4403934412385754|CNX_DROPPED|25|346
4403934479168341|CNX_DROPPED|24|515
4403934474533598|CNX_DROPPED|25|664
4403934407115422|CNX_DROPPED|24|508
4403934471066857|CNX_DROPPED|29|686
4403934467195280|CNX_DROPPED|27|285
4403934476502294|CNX_DROPPED|24|220
4403934417443921|CNX_DROPPED|24|906
4403934472413827|CNX_DROPPED|26|121
4403934494376762|CNX_DROPPED|28|469
4403934432416753|CNX_DROPPED|30|401
4403934447527289|CNX_DROPPED|30|145
4403934482964520|CNX_DROPPED|30|852
4403934458631459|CNX_DROPPED|29|709
4403934471896378|CNX_DROPPED|26|878
4403934448426093|CNX_DROPPED|30|445
4403934421426581|CNX_DROPPED|29|899
4403934451254408|CNX_DROPPED|28|696
4403934444876515|CNX_DROPPED|24|150
4403934416948227|CNX_DROPPED|29|326
4403934417679623|CNX_DROPPED|30|821
4403934436443209|CNX_DROPPED|24|866
4403934453679024|CNX_DROPPED|30|447
4403934483971904|CNX_DROPPED|30|166
4403934484436725|CNX_DROPPED|24|687
4403934474429219|CNX_DROPPED|24|131
4403934428459361|CNX_DROPPED|27|426
4403934446347861|CNX_DROPPED|24|868
4403934439472627|CNX_DROPPED|26|189
4403934475483496|CNX_DROPPED|30|535
4403934425841546|CNX_DROPPED|26|328
4403934498272447|CNX_DROPPED|29|716
4403934419848572|CNX_DROPPED|24|827
4403934485390467|CNX_DROPPED|26|787
4403934485061449|CNX_DROPPED|26|649
4403934401364976|CNX_DROPPED|24|605
4403934489464839|CNX_DROPPED|30|609
4403934404259231|CNX_DROPPED|25|140
4403934404381456|CNX_DROPPED|26|807
4403934438564077|CNX_DROPPED|27|283
4403934457828494|CNX_DROPPED|29|361
4403934470272613|CNX_DROPPED|26|815
4403934421744389|CNX_DROPPED|27|523
4403934476339184|CNX_DROPPED|30|606
4403934471349329|CNX_DROPPED|24|469
4403934427096545|CNX_DROPPED|30|948
4403934405339982|CNX_DROPPED|29|423
4403934438706652|CNX_DROPPED|28|372
4403934405349486|CNX_DROPPED|30|975
4403934431184972|CNX_DROPPED|24|600
4403934462421756|CNX_DROPPED|28|227
4403934419449280|CNX_DROPPED|27|390
4403934451460328|CNX_DROPPED|30|741
4403934445238475|CNX_DROPPED|29|157
4403934445234516|CNX_DROPPED|29|431
4403934452721546|CNX_DROPPED|29|733
4403934436537810|CNX_DROPPED|24|974
4403934465829351|CNX_DROPPED|27|399
4403934411689230|CNX_DROPPED|29|572
4403934435183905|CNX_DROPPED|26|322
4403934462468138|CNX_DROPPED|24|261
4403934407352421|CNX_DROPPED|26|972
4403934495720786|CNX_DROPPED|30|879
4403934485420934|CNX_DROPPED|24|152
4403934412783214|CNX_DROPPED|30|461
4403934428436724|CNX_DROPPED|29|859
4403934479595246|CNX_DROPPED|25|733
4403934468641043|CNX_DROPPED|26|920
4403934474068249|CNX_DROPPED|29|605
4403934411539872|CNX_DROPPED|29|838
4403934488436705|CNX_DROPPED|26|292
4403934493361252|CNX_DROPPED|24|939
4403934412748175|CNX_DROPPED|29|707
4403934482113425|CNX_DROPPED|28|434
4403934485121664|CNX_DROPPED|27|573
4403934486931244|CNX_DROPPED|26|378
4403934421994026|CNX_DROPPED|27|897
4403934426491374|CNX_DROPPED|27|902
4403934420833118|CNX_DROPPED|25|650
4403934498761449|CNX_DROPPED|30|232
4403934434966250|CNX_DROPPED|29|339
4403934453712965|CNX_DROPPED|30|497
4403934491168873|CNX_DROPPED|29|272
4403934424969884|CNX_DROPPED|25|654
4403934492176164|CNX_DROPPED|28|814
4403934459278136|CNX_DROPPED|26|769
4403934494765170|CNX_DROPPED|29|534
4403934402584127|CNX_DROPPED|24|183
4403934470491692|CNX_DROPPED|26|687
4403934421798336|CNX_DROPPED|27|979
4403934489654272|CNX_DROPPED|26|414
4403934439821492|CNX_DROPPED|25|156
4403934458876435|CNX_DROPPED|24|254
4403934412678935|CNX_DROPPED|27|853
4403934462553798|CNX_DROPPED|26|956
4403934488371456|CNX_DROPPED|24|365
4403934455628144|CNX_DROPPED|27|516
4403934418364712|CNX_DROPPED|26|287
4403934413702445|CNX_DROPPED|27|668
4403934497864087|CNX_DROPPED|30|825
4403934494250538|CNX_DROPPED|28|192
4403934482683427|CNX_DROPPED|27|665
4403934443671792|CNX_DROPPED|24|363
4403934462173845|CNX_DROPPED|24|903
4403934418195983|CNX_DROPPED|30|730
4403934477695881|CNX_DROPPED|24|768
4403934464143267|CNX_DROPPED|27|705
4403934453140878|CNX_DROPPED|29|132
4403934433957276|CNX_DROPPED|28|242
4403934425733172|CNX_DROPPED|27|646
4403934422786553|CNX_DROPPED|26|614
4403934445043198|CNX_DROPPED|30|230
4403934495238631|CNX_DROPPED|25|198
4403934428719350|CNX_DROPPED|24|740
4403934465382179|CNX_DROPPED|24|184
4403934401921684|CNX_DROPPED|25|147
4403934452979086|CNX_DROPPED|29|476
4403934438072691|CNX_DROPPED|25|380
4403934497565262|CNX_DROPPED|28|857
4403934470298576|CNX_DROPPED|26|702
4403934479867843|CNX_DROPPED|25|523
4403934457381437|CNX_DROPPED|30|926
4403934443158501|CNX_DROPPED|25|971
4403934493502541|CNX_DROPPED|28|406
4403934450358796|CNX_DROPPED|28|922
4403934469384270|CNX_DROPPED|27|362
4403934454264891|CNX_DROPPED|27|473
4403934489049168|CNX_DROPPED|28|476
4403934467058694|CNX_DROPPED|25|428
4403934487715224|CNX_DROPPED|25|301
4403934449124176|CNX_DROPPED|27|842
4403934461369485|CNX_DROPPED|27|433
4403934457862170|CNX_DROPPED|29|969
4403934487639127|CNX_DROPPED|30|880
4403934469228113|CNX_DROPPED|26|462
4403934484894675|CNX_DROPPED|25|434
4403934430536271|CNX_DROPPED|24|406
4403934483763749|CNX_DROPPED|30|268
4403934455923834|CNX_DROPPED|29|802
4403934491598327|CNX_DROPPED|24|367
4403934447048153|CNX_DROPPED|30|981
4403934404162328|CNX_DROPPED|26|539
4403934456971824|CNX_DROPPED|28|318
4403934412395167|CNX_DROPPED|27|888
4403934451652981|CNX_DROPPED|24|254
4403934438658192|CNX_DROPPED|28|258
4403934455674932|CNX_DROPPED|30|267
4403934429459766|CNX_DROPPED|26|784
4403934457945066|CNX_DROPPED|27|931
4403934454085791|CNX_DROPPED|29|810
4403934404793973|CNX_DROPPED|25|223
4403934415686778|CNX_DROPPED|27|899
4403934441429532|CNX_DROPPED|26|768
4403934417285736|CNX_DROPPED|28|247
4403934446679487|CNX_DROPPED|28|537
4403934451749738|CNX_DROPPED|29|864
4403934409468985|CNX_DROPPED|28|691
4403934496753018|CNX_DROPPED|25|683
4403934442715418|CNX_DROPPED|26|314
4403934453894151|CNX_DROPPED|24|386
4403934438249265|CNX_DROPPED|30|102
4403934432561780|CNX_DROPPED|29|556
4403934469427012|CNX_DROPPED|29|371
4403934431708952|CNX_DROPPED|29|749
4403934472043467|CNX_DROPPED|25|982
4403934458926610|CNX_DROPPED|25|833
4403934449380455|CNX_DROPPED|26|327
4403934413928164|CNX_DROPPED|27|894
4403934473903651|CNX_DROPPED|25|242
4403934457719883|CNX_DROPPED|26|379
4403934479382413|CNX_DROPPED|28|710
4403934465913346|CNX_DROPPED|25|852
4403934440559321|CNX_DROPPED|25|483
4403934498492375|CNX_DROPPED|25|268
4403934475832346|CNX_DROPPED|30|974
4403934428646538|CNX_DROPPED|30|740
4403934495127743|CNX_DROPPED|25|569
4403934486278703|CNX_DROPPED|25|538
4403934423318950|CNX_DROPPED|26|141
4403934407257281|CNX_DROPPED|30|657
4403934414281530|CNX_DROPPED|26|310
4403934452732808|CNX_DROPPED|28|681
4403934477830181|CNX_DROPPED|24|661
4403934476214049|CNX_DROPPED|30|647
4403934472236913|CNX_DROPPED|29|440
4403934495652674|CNX_DROPPED|30|119
4403934444368117|CNX_DROPPED|29|499
4403934426835513|CNX_DROPPED|30|183
4403934435976522|CNX_DROPPED|28|800
4403934432142649|CNX_DROPPED|25|777